[ 0.3480649, 0.07464064,1.26082482,0.40545406,2.35805942,0.26086812
,0.36676265,0.68138397,0.53796817,0.61197784 -0.50045742,1.23062332
,0.5190527, 0.58668551,0.46309135 -0.25479077,0.7628351, 0.77723812
,0.46752424,0.42990949,0.58395128,0.70799829,0.60685289,0.52831718
,0.70038799,1.14102485,0.29779534,1.83030639,0.65832571 -0.39819559
,0.38951718,1.57205333,0.43630232,0.10512174,1.73308093,0.14184786
,0.37024844,0.19864698,0.24063796,0.66803458,1.23853902,0.044892
,1.30795633,1.5397601, 0.49524231,0.6407334, 0.86211705,0.91868446
 -0.01732941,1.4613003, 0.62164843,1.30997406,0.75328285,0.81231954
,1.17588838,1.29230619,0.34569228,0.62903355,0.87252483,0.80456918
,0.28593357,0.63357104,0.98184816,0.28284598,1.23935772,0.66076448
,0.15611248,0.33465406,0.2145193, 0.12983196,0.2975539, 0.15468337
,0.1432912, 0.25974943,0.28762193,0.17170096,0.36264744,0.12483151
,0.21788188,0.18804116 -0.50331721,0.0778544, 0.12561439,0.10099596
,0.26523342,0.18946053,0.15476866,0.28270266,0.25960234,0.24248906
,0.10723274,0.64259203,0.14106691 -0.19485975,0.13363551,0.43484319
,0.22150644,0.17307081,0.28556461,0.0992971, 0.20302491,0.20594287
,0.10823034,0.1155588, 1.63855038,0.18233195,0.12975495]-2.1253978982789765